5 6
Изначальный массив: 
-47 2 71 -64 59 -93 
55 70 47 -49 -70 -3 
41 -87 48 -74 49 -84 
21 -78 -74 95 -42 47 
2 -72 33 -83 -10 -96 

Пузырьковая сортировка: 
-47 -96 -49 -84 -3 -93 
-87 -10 -74 47 -70 59 
-78 -83 48 -42 49 -64 
-72 33 -74 70 2 71 
2 21 41 55 95 47 

Сортировка методом отбора: 
-47 -96 -49 -84 -3 -93 
-87 -10 -74 47 -70 59 
-78 -83 48 -42 49 -64 
-72 33 -74 70 2 71 
2 21 41 55 95 47 

Сортировка методом вставки: 
-47 -96 -49 -84 -3 -93 
-87 -10 -74 47 -70 59 
-78 -83 48 -42 49 -64 
-72 33 -74 70 2 71 
2 21 41 55 95 47 

Сортировка методом Шелла: 
-47 -96 -49 -84 -3 -93 
-87 -10 -74 47 -70 59 
-78 -83 48 -42 49 -64 
-72 33 -74 70 2 71 
2 21 41 55 95 47 

Быстрая сортировка: 
-47 -96 -49 -84 -3 -93 
-87 -10 -74 47 -70 59 
-78 -83 48 -42 49 -64 
-72 33 -74 70 2 71 
2 21 41 55 95 47 

Пузырьковая сортировка: 
(Сравнений: 40, Перестановок: 27)

Сортировка методом отбора: 
(Сравнений: 40, Перестановок: 15)

Сортировка методом вставки: 
(Сравнений: 47, Перестановок: 17)

Сортировка методом Шелла: 
(Сравнений: 55, Перестановок: 20)

Быстрая сортировка: 
(Сравнений: 57, Перестановок: 23)
